PROBLEM:
Name	VRP_01
Type	
Horizon	1

TIMEWINDOWS:
id	earliest	latest
tw0	37800	86340
tw1	43200	48600
tw2	37800	48600
tw3	37800	43200

DEPOTS_NODES:
id	label	capacity	timewindow
depot_01	CENTRAL-DEPOT	9999999	tw0

CUSTOMERS_NODES:
id	label	weight	processingtime	percentageintimewindow	possibleorigins	possibledestinations	possiblevehicles	splittable	timewindow
0001	0001	4	180	100	depot_01		01,02,03	false	tw1
0016	0016	6	180	100	depot_01		01,02,03	false	tw2
0017	0017	3	180	100	depot_01		01,02,03	false	tw2
0069	0069	6	180	100	depot_01		01,02,03	false	tw2
0103	0103	4	180	100	depot_01		01,02,03	false	tw2
0118	0118	1	180	100	depot_01		01,02,03	false	tw2
0164	0164	2	180	100	depot_01		01,02,03	false	tw2
0182	0182	1	180	100	depot_01		01,02,03	false	tw2
0209	0209	6	180	100	depot_01		01,02,03	false	tw2
0223	0223	4	180	100	depot_01		01,02,03	false	tw2
0225	0225	2	180	100	depot_01		01,02,03	false	tw2
0226	0226	3	180	100	depot_01		01,02,03	false	tw2
0257	0257	2	180	100	depot_01		01,02,03	false	tw2
0259	0259	7	180	100	depot_01		01,02,03	false	tw2
0272	0272	2	180	100	depot_01		01,02,03	false	tw2
0282	0282	4	180	100	depot_01		01,02,03	false	tw2
0298	0298	1	180	100	depot_01		01,02,03	false	tw2
0310	0310	6	180	100	depot_01		01,02,03	false	tw2
0312	0312	3	180	100	depot_01		01,02,03	false	tw2
0326	0326	4	180	100	depot_01		01,02,03	false	tw2
0329	0329	4	180	100	depot_01		01,02,03	false	tw2
0332	0332	2	180	100	depot_01		01,02,03	false	tw2
0371	0371	1	180	100	depot_01		01,02,03	false	tw2
0383	0383	6	180	100	depot_01		01,02,03	false	tw3
0411	0411	2	180	100	depot_01		01,02,03	false	tw2
0428	0428	7	180	100	depot_01		01,02,03	false	tw2
0443	0443	6	180	100	depot_01		01,02,03	false	tw2
0446	0446	4	180	100	depot_01		01,02,03	false	tw3
0453	0453	3	180	100	depot_01		01,02,03	false	tw2
0460	0460	3	180	100	depot_01		01,02,03	false	tw2
0466	0466	1	180	100	depot_01		01,02,03	false	tw1
0482	0482	6	180	100	depot_01		01,02,03	false	tw2
0486	0486	7	180	100	depot_01		01,02,03	false	tw2
0487	0487	6	180	100	depot_01		01,02,03	false	tw2
0492	0492	4	180	100	depot_01		01,02,03	false	tw2
0503	0503	7	180	100	depot_01		01,02,03	false	tw3
0519	0519	1	180	100	depot_01		01,02,03	false	tw1
0584	0584	4	180	100	depot_01		01,02,03	false	tw3
0598	0598	1	180	100	depot_01		01,02,03	false	tw1
0604	0604	3	180	100	depot_01		01,02,03	false	tw2

VEHICLES:
id	label	multitrips	capacity
01		false	50
02		false	50
03		false	50

COSTS:	travel time
id	id	cost
0001	0001	0
0001	0016	192
0001	0017	435
0001	0069	585
0001	0103	715
0001	0118	827
0001	0164	794
0001	0182	1024
0001	0209	957
0001	0223	1108
0001	0225	1078
0001	0226	1134
0001	0257	640
0001	0259	644
0001	0272	535
0001	0282	438
0001	0298	1100
0001	0310	816
0001	0312	854
0001	0326	1058
0001	0329	1069
0001	0332	1014
0001	0371	1576
0001	0383	1576
0001	0411	1485
0001	0428	1384
0001	0443	1554
0001	0446	1610
0001	0453	1738
0001	0460	1525
0001	0466	1421
0001	0482	2212
0001	0486	2212
0001	0487	2212
0001	0492	1341
0001	0503	1654
0001	0519	911
0001	0584	1129
0001	0598	1296
0001	0604	1619
0001	depot_01	61
0016	0001	212
0016	0016	0
0016	0017	257
0016	0069	551
0016	0103	537
0016	0118	784
0016	0164	760
0016	0182	990
0016	0209	797
0016	0223	930
0016	0225	900
0016	0226	956
0016	0257	462
0016	0259	466
0016	0272	551
0016	0282	383
0016	0298	1057
0016	0310	773
0016	0312	811
0016	0326	1015
0016	0329	1026
0016	0332	971
0016	0371	1533
0016	0383	1533
0016	0411	1442
0016	0428	1341
0016	0443	1511
0016	0446	1567
0016	0453	1695
0016	0460	1482
0016	0466	1378
0016	0482	2076
0016	0486	2076
0016	0487	2076
0016	0492	1307
0016	0503	1620
0016	0519	733
0016	0584	951
0016	0598	1262
0016	0604	1585
0016	depot_01	146
0017	0001	455
0017	0016	257
0017	0017	0
0017	0069	784
0017	0103	447
0017	0118	702
0017	0164	949
0017	0182	1223
0017	0209	965
0017	0223	1081
0017	0225	1051
0017	0226	1107
0017	0257	613
0017	0259	617
0017	0272	748
0017	0282	551
0017	0298	1015
0017	0310	990
0017	0312	1028
0017	0326	1205
0017	0329	1243
0017	0332	1188
0017	0371	1517
0017	0383	1517
0017	0411	1482
0017	0428	1377
0017	0443	1605
0017	0446	1661
0017	0453	1789
0017	0460	1576
0017	0466	1472
0017	0482	2227
0017	0486	2227
0017	0487	2227
0017	0492	1540
0017	0503	1844
0017	0519	884
0017	0584	954
0017	0598	1486
0017	0604	1809
0017	depot_01	389
0069	0001	487
0069	0016	498
0069	0017	697
0069	0069	0
0069	0103	934
0069	0118	860
0069	0164	384
0069	0182	614
0069	0209	947
0069	0223	1111
0069	0225	1183
0069	0226	1163
0069	0257	829
0069	0259	883
0069	0272	328
0069	0282	486
0069	0298	1118
0069	0310	834
0069	0312	872
0069	0326	1076
0069	0329	1087
0069	0332	1032
0069	0371	1594
0069	0383	1594
0069	0411	1503
0069	0428	1402
0069	0443	1279
0069	0446	1335
0069	0453	1463
0069	0460	1220
0069	0466	1146
0069	0482	1802
0069	0486	1802
0069	0487	1802
0069	0492	931
0069	0503	1244
0069	0519	1217
0069	0584	1435
0069	0598	886
0069	0604	1209
0069	depot_01	548
0103	0001	708
0103	0016	510
0103	0017	503
0103	0069	999
0103	0103	0
0103	0118	337
0103	0164	1202
0103	0182	1438
0103	0209	1151
0103	0223	1099
0103	0225	1069
0103	0226	1125
0103	0257	840
0103	0259	840
0103	0272	1001
0103	0282	804
0103	0298	578
0103	0310	669
0103	0312	613
0103	0326	768
0103	0329	841
0103	0332	905
0103	0371	1080
0103	0383	1080
0103	0411	1045
0103	0428	940
0103	0443	1168
0103	0446	1224
0103	0453	1352
0103	0460	1139
0103	0466	1035
0103	0482	2036
0103	0486	2036
0103	0487	2036
0103	0492	1553
0103	0503	1474
0103	0519	902
0103	0584	856
0103	0598	1207
0103	0604	1530
0103	depot_01	642
0118	0001	803
0118	0016	763
0118	0017	762
0118	0069	871
0118	0103	330
0118	0118	0
0118	0164	1080
0118	0182	1310
0118	0209	1481
0118	0223	1429
0118	0225	1399
0118	0226	1455
0118	0257	1170
0118	0259	1170
0118	0272	917
0118	0282	988
0118	0298	627
0118	0310	547
0118	0312	628
0118	0326	832
0118	0329	865
0118	0332	926
0118	0371	1184
0118	0383	1184
0118	0411	1188
0118	0428	1083
0118	0443	1311
0118	0446	1367
0118	0453	1495
0118	0460	1282
0118	0466	1178
0118	0482	2179
0118	0486	2179
0118	0487	2179
0118	0492	1291
0118	0503	1582
0118	0519	1232
0118	0584	1144
0118	0598	1224
0118	0604	1547
0118	depot_01	853
0164	0001	669
0164	0016	680
0164	0017	879
0164	0069	403
0164	0103	1116
0164	0118	1042
0164	0164	0
0164	0182	650
0164	0209	950
0164	0223	1037
0164	0225	1097
0164	0226	1137
0164	0257	967
0164	0259	1021
0164	0272	510
0164	0282	504
0164	0298	1300
0164	0310	1016
0164	0312	1054
0164	0326	1258
0164	0329	1269
0164	0332	1214
0164	0371	1776
0164	0383	1776
0164	0411	1685
0164	0428	1584
0164	0443	1496
0164	0446	1552
0164	0453	1680
0164	0460	1437
0164	0466	1363
0164	0482	1924
0164	0486	1924
0164	0487	1924
0164	0492	1148
0164	0503	1461
0164	0519	1344
0164	0584	1617
0164	0598	1103
0164	0604	1426
0164	depot_01	730
0182	0001	977
0182	0016	988
0182	0017	1187
0182	0069	696
0182	0103	1424
0182	0118	1350
0182	0164	520
0182	0182	0
0182	0209	1189
0182	0223	1133
0182	0225	1187
0182	0226	1233
0182	0257	1274
0182	0259	1328
0182	0272	818
0182	0282	811
0182	0298	1481
0182	0310	1197
0182	0312	1235
0182	0326	1418
0182	0329	1384
0182	0332	1329
0182	0371	1957
0182	0383	1957
0182	0411	1616
0182	0428	1765
0182	0443	1525
0182	0446	1581
0182	0453	1679
0182	0460	1454
0182	0466	1392
0182	0482	1435
0182	0486	1435
0182	0487	1435
0182	0492	828
0182	0503	1283
0182	0519	1472
0182	0584	1925
0182	0598	1132
0182	0604	1403
0182	depot_01	1038
0209	0001	936
0209	0016	821
0209	0017	989
0209	0069	1012
0209	0103	1040
0209	0118	1367
0209	0164	958
0209	0182	1320
0209	0209	0
0209	0223	381
0209	0225	453
0209	0226	433
0209	0257	394
0209	0259	438
0209	0272	866
0209	0282	699
0209	0298	1608
0209	0310	1515
0209	0312	1553
0209	0326	1757
0209	0329	1768
0209	0332	1713
0209	0371	2110
0209	0383	2110
0209	0411	2075
0209	0428	1970
0209	0443	2105
0209	0446	2143
0209	0453	2237
0209	0460	2012
0209	0466	1972
0209	0482	1993
0209	0486	1993
0209	0487	1993
0209	0492	1757
0209	0503	1841
0209	0519	394
0209	0584	1412
0209	0598	1712
0209	0604	2035
0209	depot_01	945
0223	0001	1124
0223	0016	935
0223	0017	1086
0223	0069	1166
0223	0103	1060
0223	0118	1387
0223	0164	1020
0223	0182	1167
0223	0209	381
0223	0223	0
0223	0225	72
0223	0226	100
0223	0257	737
0223	0259	748
0223	0272	1020
0223	0282	879
0223	0298	1628
0223	0310	1694
0223	0312	1663
0223	0326	1818
0223	0329	1891
0223	0332	1889
0223	0371	2130
0223	0383	2130
0223	0411	1793
0223	0428	1990
0223	0443	1768
0223	0446	1762
0223	0453	1856
0223	0460	1631
0223	0466	1725
0223	0482	1612
0223	0486	1612
0223	0487	1612
0223	0492	1423
0223	0503	1460
0223	0519	540
0223	0584	1432
0223	0598	1765
0223	0604	1703
0223	depot_01	1067
0225	0001	1115
0225	0016	917
0225	0017	1068
0225	0069	1250
0225	0103	1042
0225	0118	1369
0225	0164	1104
0225	0182	1186
0225	0209	463
0225	0223	84
0225	0225	0
0225	0226	58
0225	0257	729
0225	0259	730
0225	0272	1104
0225	0282	963
0225	0298	1610
0225	0310	1676
0225	0312	1645
0225	0326	1800
0225	0329	1873
0225	0332	1874
0225	0371	2112
0225	0383	2112
0225	0411	1812
0225	0428	1972
0225	0443	1787
0225	0446	1781
0225	0453	1875
0225	0460	1650
0225	0466	1744
0225	0482	1631
0225	0486	1631
0225	0487	1631
0225	0492	1442
0225	0503	1479
0225	0519	498
0225	0584	1414
0225	0598	1784
0225	0604	1722
0225	depot_01	1049
0226	0001	1138
0226	0016	940
0226	0017	1091
0226	0069	1218
0226	0103	1065
0226	0118	1392
0226	0164	1120
0226	0182	1209
0226	0209	405
0226	0223	100
0226	0225	47
0226	0226	0
0226	0257	671
0226	0259	676
0226	0272	1072
0226	0282	931
0226	0298	1633
0226	0310	1699
0226	0312	1668
0226	0326	1823
0226	0329	1896
0226	0332	1897
0226	0371	2135
0226	0383	2135
0226	0411	1835
0226	0428	1995
0226	0443	1810
0226	0446	1804
0226	0453	1898
0226	0460	1673
0226	0466	1767
0226	0482	1654
0226	0486	1654
0226	0487	1654
0226	0492	1465
0226	0503	1502
0226	0519	440
0226	0584	1437
0226	0598	1807
0226	0604	1745
0226	depot_01	1072
0257	0001	664
0257	0016	493
0257	0017	644
0257	0069	904
0257	0103	886
0257	0118	1213
0257	0164	983
0257	0182	1343
0257	0209	394
0257	0223	714
0257	0225	786
0257	0226	766
0257	0257	0
0257	0259	150
0257	0272	782
0257	0282	579
0257	0298	1454
0257	0310	1243
0257	0312	1281
0257	0326	1485
0257	0329	1496
0257	0332	1441
0257	0371	1956
0257	0383	1956
0257	0411	1912
0257	0428	1811
0257	0443	1981
0257	0446	2037
0257	0453	2165
0257	0460	1949
0257	0466	1848
0257	0482	2021
0257	0486	2021
0257	0487	2021
0257	0492	1660
0257	0503	1869
0257	0519	507
0257	0584	1300
0257	0598	1615
0257	0604	1938
0257	depot_01	625
0259	0001	668
0259	0016	470
0259	0017	621
0259	0069	958
0259	0103	826
0259	0118	1153
0259	0164	1037
0259	0182	1397
0259	0209	438
0259	0223	742
0259	0225	715
0259	0226	768
0259	0257	150
0259	0259	0
0259	0272	836
0259	0282	633
0259	0298	1394
0259	0310	1229
0259	0312	1267
0259	0326	1471
0259	0329	1482
0259	0332	1427
0259	0371	1896
0259	0383	1896
0259	0411	1861
0259	0428	1756
0259	0443	1967
0259	0446	2023
0259	0453	2135
0259	0460	1910
0259	0466	1834
0259	0482	1891
0259	0486	1891
0259	0487	1891
0259	0492	1702
0259	0503	1739
0259	0519	377
0259	0584	1198
0259	0598	1669
0259	0604	1982
0259	depot_01	602
0272	0001	281
0272	0016	354
0272	0017	597
0272	0069	365
0272	0103	857
0272	0118	783
0272	0164	574
0272	0182	804
0272	0209	893
0272	0223	1076
0272	0225	1148
0272	0226	1128
0272	0257	623
0272	0259	677
0272	0272	0
0272	0282	280
0272	0298	1041
0272	0310	757
0272	0312	795
0272	0326	999
0272	0329	1010
0272	0332	955
0272	0371	1517
0272	0383	1517
0272	0411	1426
0272	0428	1325
0272	0443	1469
0272	0446	1525
0272	0453	1653
0272	0460	1410
0272	0466	1336
0272	0482	1992
0272	0486	1992
0272	0487	1992
0272	0492	1121
0272	0503	1434
0272	0519	1034
0272	0584	1291
0272	0598	1076
0272	0604	1399
0272	depot_01	342
0282	0001	428
0282	0016	404
0282	0017	572
0282	0069	558
0282	0103	852
0282	0118	1014
0282	0164	504
0282	0182	900
0282	0209	675
0282	0223	867
0282	0225	939
0282	0226	919
0282	0257	586
0282	0259	640
0282	0272	342
0282	0282	0
0282	0298	1272
0282	0310	988
0282	0312	1026
0282	0326	1230
0282	0329	1241
0282	0332	1186
0282	0371	1748
0282	0383	1748
0282	0411	1657
0282	0428	1556
0282	0443	1651
0282	0446	1707
0282	0453	1835
0282	0460	1592
0282	0466	1518
0282	0482	2048
0282	0486	2048
0282	0487	2048
0282	0492	1303
0282	0503	1616
0282	0519	997
0282	0584	1266
0282	0598	1258
0282	0604	1581
0282	depot_01	472
0298	0001	1116
0298	0016	1076
0298	0017	1082
0298	0069	1166
0298	0103	579
0298	0118	614
0298	0164	1384
0298	0182	1480
0298	0209	1730
0298	0223	1678
0298	0225	1648
0298	0226	1704
0298	0257	1419
0298	0259	1419
0298	0272	1230
0298	0282	1301
0298	0298	0
0298	0310	334
0298	0312	246
0298	0326	524
0298	0329	588
0298	0332	661
0298	0371	888
0298	0383	888
0298	0411	801
0298	0428	696
0298	0443	924
0298	0446	980
0298	0453	1108
0298	0460	895
0298	0466	791
0298	0482	1792
0298	0486	1792
0298	0487	1792
0298	0492	1360
0298	0503	1230
0298	0519	1481
0298	0584	1393
0298	0598	963
0298	0604	1286
0298	depot_01	1166
0310	0001	858
0310	0016	818
0310	0017	1017
0310	0069	926
0310	0103	661
0310	0118	641
0310	0164	1100
0310	0182	1196
0310	0209	1580
0310	0223	1734
0310	0225	1704
0310	0226	1760
0310	0257	1266
0310	0259	1270
0310	0272	972
0310	0282	1043
0310	0298	344
0310	0310	0
0310	0312	120
0310	0326	324
0310	0329	357
0310	0332	591
0310	0371	842
0310	0383	842
0310	0411	755
0310	0428	650
0310	0443	878
0310	0446	934
0310	0453	1062
0310	0460	849
0310	0466	745
0310	0482	1746
0310	0486	1746
0310	0487	1746
0310	0492	1076
0310	0503	1184
0310	0519	1537
0310	0584	1475
0310	0598	917
0310	0604	1240
0310	depot_01	908
0312	0001	896
0312	0016	856
0312	0017	1055
0312	0069	964
0312	0103	605
0312	0118	692
0312	0164	1138
0312	0182	1234
0312	0209	1618
0312	0223	1704
0312	0225	1674
0312	0226	1730
0312	0257	1304
0312	0259	1308
0312	0272	1010
0312	0282	1081
0312	0298	246
0312	0310	120
0312	0312	0
0312	0326	324
0312	0329	357
0312	0332	559
0312	0371	786
0312	0383	786
0312	0411	699
0312	0428	594
0312	0443	822
0312	0446	878
0312	0453	1006
0312	0460	793
0312	0466	689
0312	0482	1690
0312	0486	1690
0312	0487	1690
0312	0492	1114
0312	0503	1128
0312	0519	1507
0312	0584	1419
0312	0598	861
0312	0604	1184
0312	depot_01	946
0326	0001	1074
0326	0016	1034
0326	0017	1233
0326	0069	1068
0326	0103	765
0326	0118	899
0326	0164	1275
0326	0182	1371
0326	0209	1796
0326	0223	1864
0326	0225	1834
0326	0226	1890
0326	0257	1482
0326	0259	1486
0326	0272	1188
0326	0282	1259
0326	0298	519
0326	0310	327
0326	0312	327
0326	0326	0
0326	0329	82
0326	0332	308
0326	0371	946
0326	0383	946
0326	0411	791
0326	0428	702
0326	0443	812
0326	0446	868
0326	0453	996
0326	0460	783
0326	0466	679
0326	0482	1680
0326	0486	1680
0326	0487	1680
0326	0492	1251
0326	0503	1118
0326	0519	1667
0326	0584	1579
0326	0598	851
0326	0604	1174
0326	depot_01	1124
0329	0001	1040
0329	0016	1000
0329	0017	1199
0329	0069	1034
0329	0103	847
0329	0118	922
0329	0164	1241
0329	0182	1337
0329	0209	1762
0329	0223	1916
0329	0225	1886
0329	0226	1942
0329	0257	1448
0329	0259	1452
0329	0272	1154
0329	0282	1225
0329	0298	596
0329	0310	350
0329	0312	350
0329	0326	82
0329	0329	0
0329	0332	272
0329	0371	1028
0329	0383	1028
0329	0411	765
0329	0428	784
0329	0443	799
0329	0446	855
0329	0453	983
0329	0460	770
0329	0466	666
0329	0482	1667
0329	0486	1667
0329	0487	1667
0329	0492	1217
0329	0503	1105
0329	0519	1719
0329	0584	1661
0329	0598	838
0329	0604	1161
0329	depot_01	1090
0332	0001	1012
0332	0016	972
0332	0017	1171
0332	0069	1006
0332	0103	859
0332	0118	1001
0332	0164	1213
0332	0182	1309
0332	0209	1734
0332	0223	1888
0332	0225	1858
0332	0226	1914
0332	0257	1420
0332	0259	1424
0332	0272	1126
0332	0282	1197
0332	0298	613
0332	0310	572
0332	0312	516
0332	0326	304
0332	0329	268
0332	0332	0
0332	0371	1040
0332	0383	1040
0332	0411	623
0332	0428	745
0332	0443	692
0332	0446	748
0332	0453	876
0332	0460	663
0332	0466	559
0332	0482	1560
0332	0486	1560
0332	0487	1560
0332	0492	1189
0332	0503	998
0332	0519	1691
0332	0584	1673
0332	0598	724
0332	0604	1047
0332	depot_01	1062
0371	0001	1607
0371	0016	1567
0371	0017	1620
0371	0069	1675
0371	0103	1117
0371	0118	1176
0371	0164	1849
0371	0182	1945
0371	0209	2268
0371	0223	2216
0371	0225	2186
0371	0226	2242
0371	0257	1957
0371	0259	1957
0371	0272	1721
0371	0282	1792
0371	0298	780
0371	0310	831
0371	0312	775
0371	0326	930
0371	0329	1003
0371	0332	1067
0371	0371	0
0371	0383	14
0371	0411	1109
0371	0428	1102
0371	0443	1330
0371	0446	1386
0371	0453	1514
0371	0460	1301
0371	0466	1197
0371	0482	2043
0371	0486	2043
0371	0487	2043
0371	0492	1825
0371	0503	1636
0371	0519	2019
0371	0584	1587
0371	0598	1369
0371	0604	1692
0371	depot_01	1657
0383	0001	1607
0383	0016	1567
0383	0017	1620
0383	0069	1675
0383	0103	1117
0383	0118	1176
0383	0164	1849
0383	0182	1945
0383	0209	2268
0383	0223	2216
0383	0225	2186
0383	0226	2242
0383	0257	1957
0383	0259	1957
0383	0272	1721
0383	0282	1792
0383	0298	780
0383	0310	831
0383	0312	775
0383	0326	930
0383	0329	1003
0383	0332	1067
0383	0371	14
0383	0383	0
0383	0411	1109
0383	0428	1102
0383	0443	1330
0383	0446	1386
0383	0453	1514
0383	0460	1301
0383	0466	1197
0383	0482	2043
0383	0486	2043
0383	0487	2043
0383	0492	1825
0383	0503	1636
0383	0519	2019
0383	0584	1587
0383	0598	1369
0383	0604	1692
0383	depot_01	1657
0411	0001	1459
0411	0016	1419
0411	0017	1543
0411	0069	1453
0411	0103	1040
0411	0118	1182
0411	0164	1602
0411	0182	1698
0411	0209	2181
0411	0223	1934
0411	0225	1988
0411	0226	2034
0411	0257	1867
0411	0259	1871
0411	0272	1573
0411	0282	1644
0411	0298	794
0411	0310	753
0411	0312	697
0411	0326	785
0411	0329	758
0411	0332	624
0411	0371	1090
0411	0383	1090
0411	0411	0
0411	0428	613
0411	0443	944
0411	0446	990
0411	0453	1128
0411	0460	915
0411	0466	811
0411	0482	1747
0411	0486	1747
0411	0487	1747
0411	0492	1589
0411	0503	1250
0411	0519	1942
0411	0584	1553
0411	0598	983
0411	0604	1306
0411	depot_01	1509
0428	0001	1422
0428	0016	1382
0428	0017	1436
0428	0069	1490
0428	0103	933
0428	0118	1075
0428	0164	1664
0428	0182	1760
0428	0209	2084
0428	0223	2032
0428	0225	2002
0428	0226	2058
0428	0257	1773
0428	0259	1773
0428	0272	1536
0428	0282	1607
0428	0298	687
0428	0310	646
0428	0312	590
0428	0326	678
0428	0329	760
0428	0332	723
0428	0371	1107
0428	0383	1107
0428	0411	619
0428	0428	0
0428	0443	1043
0428	0446	1099
0428	0453	1227
0428	0460	1014
0428	0466	910
0428	0482	1911
0428	0486	1911
0428	0487	1911
0428	0492	1640
0428	0503	1349
0428	0519	1835
0428	0584	1747
0428	0598	1082
0428	0604	1405
0428	depot_01	1472
0443	0001	1534
0443	0016	1494
0443	0017	1690
0443	0069	1367
0443	0103	1187
0443	0118	1329
0443	0164	1391
0443	0182	1487
0443	0209	2108
0443	0223	1773
0443	0225	1827
0443	0226	1873
0443	0257	1942
0443	0259	1946
0443	0272	1489
0443	0282	1647
0443	0298	941
0443	0310	900
0443	0312	844
0443	0326	826
0443	0329	802
0443	0332	699
0443	0371	1368
0443	0383	1368
0443	0411	975
0443	0428	1097
0443	0443	0
0443	0446	130
0443	0453	641
0443	0460	595
0443	0466	470
0443	0482	1492
0443	0486	1492
0443	0487	1492
0443	0492	1319
0443	0503	930
0443	0519	2089
0443	0584	1878
0443	0598	741
0443	0604	1034
0443	depot_01	1584
0446	0001	1548
0446	0016	1508
0446	0017	1704
0446	0069	1381
0446	0103	1201
0446	0118	1343
0446	0164	1405
0446	0182	1501
0446	0209	2122
0446	0223	1775
0446	0225	1829
0446	0226	1875
0446	0257	1956
0446	0259	1960
0446	0272	1503
0446	0282	1661
0446	0298	955
0446	0310	914
0446	0312	858
0446	0326	840
0446	0329	816
0446	0332	713
0446	0371	1382
0446	0383	1382
0446	0411	961
0446	0428	1111
0446	0443	144
0446	0446	0
0446	0453	681
0446	0460	609
0446	0466	487
0446	0482	1506
0446	0486	1506
0446	0487	1506
0446	0492	1333
0446	0503	944
0446	0519	2103
0446	0584	1880
0446	0598	755
0446	0604	1048
0446	depot_01	1598
0453	0001	1713
0453	0016	1673
0453	0017	1869
0453	0069	1546
0453	0103	1366
0453	0118	1508
0453	0164	1570
0453	0182	1666
0453	0209	2287
0453	0223	1990
0453	0225	2044
0453	0226	2090
0453	0257	2121
0453	0259	2125
0453	0272	1668
0453	0282	1826
0453	0298	1120
0453	0310	1079
0453	0312	1023
0453	0326	1005
0453	0329	981
0453	0332	878
0453	0371	1547
0453	0383	1547
0453	0411	1154
0453	0428	1276
0453	0443	629
0453	0446	681
0453	0453	0
0453	0460	604
0453	0466	511
0453	0482	1511
0453	0486	1511
0453	0487	1511
0453	0492	1338
0453	0503	949
0453	0519	2268
0453	0584	2121
0453	0598	804
0453	0604	1053
0453	depot_01	1763
0460	0001	1530
0460	0016	1490
0460	0017	1686
0460	0069	1320
0460	0103	1183
0460	0118	1325
0460	0164	1344
0460	0182	1440
0460	0209	2061
0460	0223	1749
0460	0225	1803
0460	0226	1849
0460	0257	1938
0460	0259	1942
0460	0272	1442
0460	0282	1600
0460	0298	937
0460	0310	896
0460	0312	840
0460	0326	822
0460	0329	798
0460	0332	695
0460	0371	1364
0460	0383	1364
0460	0411	971
0460	0428	1093
0460	0443	664
0460	0446	720
0460	0453	662
0460	0460	0
0460	0466	531
0460	0482	1053
0460	0486	1053
0460	0487	1053
0460	0492	1043
0460	0503	616
0460	0519	2085
0460	0584	1939
0460	0598	509
0460	0604	755
0460	depot_01	1580
0466	0001	1370
0466	0016	1330
0466	0017	1526
0466	0069	1203
0466	0103	1023
0466	0118	1165
0466	0164	1227
0466	0182	1323
0466	0209	1944
0466	0223	1760
0466	0225	1814
0466	0226	1860
0466	0257	1778
0466	0259	1782
0466	0272	1325
0466	0282	1483
0466	0298	777
0466	0310	736
0466	0312	680
0466	0326	662
0466	0329	638
0466	0332	535
0466	0371	1204
0466	0383	1204
0466	0411	811
0466	0428	933
0466	0443	442
0466	0446	498
0466	0453	559
0466	0460	384
0466	0466	0
0466	0482	1281
0466	0486	1281
0466	0487	1281
0466	0492	1108
0466	0503	719
0466	0519	1925
0466	0584	1837
0466	0598	574
0466	0604	823
0466	depot_01	1420
0482	0001	2187
0482	0016	2130
0482	0017	2281
0482	0069	1906
0482	0103	1927
0482	0118	2069
0482	0164	1836
0482	0182	1500
0482	0209	2004
0482	0223	1623
0482	0225	1677
0482	0226	1723
0482	0257	2073
0482	0259	1943
0482	0272	2028
0482	0282	2186
0482	0298	1681
0482	0310	1640
0482	0312	1584
0482	0326	1566
0482	0329	1542
0482	0332	1439
0482	0371	2057
0482	0383	2057
0482	0411	1617
0482	0428	1837
0482	0443	1408
0482	0446	1464
0482	0453	1406
0482	0460	1069
0482	0466	1275
0482	0482	0
0482	0486	0
0482	0487	0
0482	0492	1271
0482	0503	736
0482	0519	1962
0482	0584	2426
0482	0598	1242
0482	0604	979
0482	depot_01	2248
0486	0001	2187
0486	0016	2130
0486	0017	2281
0486	0069	1906
0486	0103	1927
0486	0118	2069
0486	0164	1836
0486	0182	1500
0486	0209	2004
0486	0223	1623
0486	0225	1677
0486	0226	1723
0486	0257	2073
0486	0259	1943
0486	0272	2028
0486	0282	2186
0486	0298	1681
0486	0310	1640
0486	0312	1584
0486	0326	1566
0486	0329	1542
0486	0332	1439
0486	0371	2057
0486	0383	2057
0486	0411	1617
0486	0428	1837
0486	0443	1408
0486	0446	1464
0486	0453	1406
0486	0460	1069
0486	0466	1275
0486	0482	0
0486	0486	0
0486	0487	0
0486	0492	1271
0486	0503	736
0486	0519	1962
0486	0584	2426
0486	0598	1242
0486	0604	979
0486	depot_01	2248
0487	0001	2187
0487	0016	2130
0487	0017	2281
0487	0069	1906
0487	0103	1927
0487	0118	2069
0487	0164	1836
0487	0182	1500
0487	0209	2004
0487	0223	1623
0487	0225	1677
0487	0226	1723
0487	0257	2073
0487	0259	1943
0487	0272	2028
0487	0282	2186
0487	0298	1681
0487	0310	1640
0487	0312	1584
0487	0326	1566
0487	0329	1542
0487	0332	1439
0487	0371	2057
0487	0383	2057
0487	0411	1617
0487	0428	1837
0487	0443	1408
0487	0446	1464
0487	0453	1406
0487	0460	1069
0487	0466	1275
0487	0482	0
0487	0486	0
0487	0487	0
0487	0492	1271
0487	0503	736
0487	0519	1962
0487	0584	2426
0487	0598	1242
0487	0604	979
0487	depot_01	2248
0492	0001	1299
0492	0016	1310
0492	0017	1509
0492	0069	1018
0492	0103	1547
0492	0118	1395
0492	0164	1042
0492	0182	874
0492	0209	1759
0492	0223	1425
0492	0225	1479
0492	0226	1525
0492	0257	1641
0492	0259	1695
0492	0272	1140
0492	0282	1298
0492	0298	1341
0492	0310	1057
0492	0312	1095
0492	0326	1278
0492	0329	1244
0492	0332	1189
0492	0371	1815
0492	0383	1815
0492	0411	1375
0492	0428	1625
0492	0443	1250
0492	0446	1306
0492	0453	1248
0492	0460	980
0492	0466	1117
0492	0482	1194
0492	0486	1194
0492	0487	1194
0492	0492	0
0492	0503	554
0492	0519	1764
0492	0584	2184
0492	0598	722
0492	0604	575
0492	depot_01	1360
0503	0001	1588
0503	0016	1599
0503	0017	1798
0503	0069	1307
0503	0103	1363
0503	0118	1505
0503	0164	1331
0503	0182	1331
0503	0209	1835
0503	0223	1454
0503	0225	1508
0503	0226	1554
0503	0257	1904
0503	0259	1774
0503	0272	1429
0503	0282	1587
0503	0298	1117
0503	0310	1076
0503	0312	1020
0503	0326	1002
0503	0329	978
0503	0332	875
0503	0371	1544
0503	0383	1544
0503	0411	1151
0503	0428	1273
0503	0443	844
0503	0446	900
0503	0453	842
0503	0460	574
0503	0466	711
0503	0482	745
0503	0486	745
0503	0487	745
0503	0492	554
0503	0503	0
0503	0519	1793
0503	0584	2177
0503	0598	506
0503	0604	243
0503	depot_01	1649
0519	0001	894
0519	0016	696
0519	0017	847
0519	0069	1233
0519	0103	821
0519	0118	1148
0519	0164	1375
0519	0182	1365
0519	0209	569
0519	0223	580
0519	0225	547
0519	0226	500
0519	0257	533
0519	0259	403
0519	0272	1187
0519	0282	990
0519	0298	1389
0519	0310	1455
0519	0312	1424
0519	0326	1579
0519	0329	1652
0519	0332	1653
0519	0371	1891
0519	0383	1891
0519	0411	1856
0519	0428	1751
0519	0443	1966
0519	0446	1960
0519	0453	2054
0519	0460	1829
0519	0466	1846
0519	0482	1810
0519	0486	1810
0519	0487	1810
0519	0492	1621
0519	0503	1658
0519	0519	0
0519	0584	1193
0519	0598	1944
0519	0604	1901
0519	depot_01	828
0584	0001	1177
0584	0016	979
0584	0017	982
0584	0069	1516
0584	0103	790
0584	0118	1117
0584	0164	1671
0584	0182	1955
0584	0209	1458
0584	0223	1406
0584	0225	1376
0584	0226	1432
0584	0257	1280
0584	0259	1150
0584	0272	1470
0584	0282	1273
0584	0298	1358
0584	0310	1449
0584	0312	1393
0584	0326	1548
0584	0329	1621
0584	0332	1685
0584	0371	1661
0584	0383	1661
0584	0411	1629
0584	0428	1720
0584	0443	1932
0584	0446	1926
0584	0453	2132
0584	0460	1919
0584	0466	1815
0584	0482	2428
0584	0486	2428
0584	0487	2428
0584	0492	2270
0584	0503	2254
0584	0519	1209
0584	0584	0
0584	0598	1987
0584	0604	2310
0584	depot_01	1111
0598	0001	1238
0598	0016	1249
0598	0017	1448
0598	0069	957
0598	0103	1210
0598	0118	1309
0598	0164	981
0598	0182	1077
0598	0209	1698
0598	0223	1846
0598	0225	1906
0598	0226	1914
0598	0257	1580
0598	0259	1634
0598	0272	1079
0598	0282	1237
0598	0298	964
0598	0310	923
0598	0312	867
0598	0326	847
0598	0329	813
0598	0332	720
0598	0371	1391
0598	0383	1391
0598	0411	998
0598	0428	1120
0598	0443	715
0598	0446	771
0598	0453	748
0598	0460	480
0598	0466	582
0598	0482	1249
0598	0486	1249
0598	0487	1249
0598	0492	754
0598	0503	504
0598	0519	1968
0598	0584	2024
0598	0598	0
0598	0604	469
0598	depot_01	1299
0604	0001	1556
0604	0016	1567
0604	0017	1766
0604	0069	1275
0604	0103	1498
0604	0118	1627
0604	0164	1299
0604	0182	1395
0604	0209	2016
0604	0223	1737
0604	0225	1791
0604	0226	1837
0604	0257	1898
0604	0259	1952
0604	0272	1397
0604	0282	1555
0604	0298	1252
0604	0310	1211
0604	0312	1155
0604	0326	1137
0604	0329	1113
0604	0332	1010
0604	0371	1679
0604	0383	1679
0604	0411	1286
0604	0428	1408
0604	0443	979
0604	0446	1035
0604	0453	977
0604	0460	709
0604	0466	846
0604	0482	1028
0604	0486	1028
0604	0487	1028
0604	0492	622
0604	0503	283
0604	0519	2076
0604	0584	2312
0604	0598	474
0604	0604	0
0604	depot_01	1617
depot_01	0001	194
depot_01	0016	154
depot_01	0017	397
depot_01	0069	533
depot_01	0103	677
depot_01	0118	766
depot_01	0164	742
depot_01	0182	972
depot_01	0209	937
depot_01	0223	1070
depot_01	0225	1040
depot_01	0226	1096
depot_01	0257	602
depot_01	0259	606
depot_01	0272	579
depot_01	0282	523
depot_01	0298	1039
depot_01	0310	755
depot_01	0312	793
depot_01	0326	997
depot_01	0329	1008
depot_01	0332	953
depot_01	0371	1515
depot_01	0383	1515
depot_01	0411	1424
depot_01	0428	1323
depot_01	0443	1493
depot_01	0446	1549
depot_01	0453	1677
depot_01	0460	1464
depot_01	0466	1360
depot_01	0482	2160
depot_01	0486	2160
depot_01	0487	2160
depot_01	0492	1289
depot_01	0503	1602
depot_01	0519	873
depot_01	0584	1091
depot_01	0598	1244
depot_01	0604	1567
depot_01	depot_01	0
END
