PROBLEM:
Name	VRP_01
Type	
Horizon	1

TIMEWINDOWS:
id	earliest	latest
tw0	37800	86340
tw1	43200	48600
tw2	37800	48600
tw3	37800	43200

DEPOTS_NODES:
id	label	capacity	timewindow
depot_01	CENTRAL-DEPOT	9999999	tw0

CUSTOMERS_NODES:
id	label	weight	processingtime	percentageintimewindow	possibleorigins	possibledestinations	possiblevehicles	splittable	timewindow
0001	0001	4	180	100	depot_01		01,02,03	false	tw1
0016	0016	6	180	100	depot_01		01,02,03	false	tw2
0017	0017	3	180	100	depot_01		01,02,03	false	tw2
0069	0069	6	180	100	depot_01		01,02,03	false	tw2
0103	0103	4	180	100	depot_01		01,02,03	false	tw2
0118	0118	1	180	100	depot_01		01,02,03	false	tw2
0164	0164	2	180	100	depot_01		01,02,03	false	tw2
0182	0182	1	180	100	depot_01		01,02,03	false	tw2
0209	0209	6	180	100	depot_01		01,02,03	false	tw2
0223	0223	4	180	100	depot_01		01,02,03	false	tw2
0225	0225	2	180	100	depot_01		01,02,03	false	tw2
0226	0226	3	180	100	depot_01		01,02,03	false	tw2
0257	0257	2	180	100	depot_01		01,02,03	false	tw2
0259	0259	7	180	100	depot_01		01,02,03	false	tw2
0272	0272	2	180	100	depot_01		01,02,03	false	tw2
0282	0282	4	180	100	depot_01		01,02,03	false	tw2
0298	0298	1	180	100	depot_01		01,02,03	false	tw2
0310	0310	6	180	100	depot_01		01,02,03	false	tw2
0312	0312	3	180	100	depot_01		01,02,03	false	tw2
0326	0326	4	180	100	depot_01		01,02,03	false	tw2
0329	0329	4	180	100	depot_01		01,02,03	false	tw2
0332	0332	2	180	100	depot_01		01,02,03	false	tw2
0371	0371	1	180	100	depot_01		01,02,03	false	tw2

VEHICLES:
id	label	multitrips	capacity
01		false	27
02		false	27
03		false	27

COSTS:	travel time
id	id	cost
0001	0001	0
0001	0016	192
0001	0017	435
0001	0069	585
0001	0103	715
0001	0118	827
0001	0164	794
0001	0182	1024
0001	0209	957
0001	0223	1108
0001	0225	1078
0001	0226	1134
0001	0257	640
0001	0259	644
0001	0272	535
0001	0282	438
0001	0298	1100
0001	0310	816
0001	0312	854
0001	0326	1058
0001	0329	1069
0001	0332	1014
0001	0371	1576
0001	depot_01	61
0016	0001	212
0016	0016	0
0016	0017	257
0016	0069	551
0016	0103	537
0016	0118	784
0016	0164	760
0016	0182	990
0016	0209	797
0016	0223	930
0016	0225	900
0016	0226	956
0016	0257	462
0016	0259	466
0016	0272	551
0016	0282	383
0016	0298	1057
0016	0310	773
0016	0312	811
0016	0326	1015
0016	0329	1026
0016	0332	971
0016	0371	1533
0016	depot_01	146
0017	0001	455
0017	0016	257
0017	0017	0
0017	0069	784
0017	0103	447
0017	0118	702
0017	0164	949
0017	0182	1223
0017	0209	965
0017	0223	1081
0017	0225	1051
0017	0226	1107
0017	0257	613
0017	0259	617
0017	0272	748
0017	0282	551
0017	0298	1015
0017	0310	990
0017	0312	1028
0017	0326	1205
0017	0329	1243
0017	0332	1188
0017	0371	1517
0017	depot_01	389
0069	0001	487
0069	0016	498
0069	0017	697
0069	0069	0
0069	0103	934
0069	0118	860
0069	0164	384
0069	0182	614
0069	0209	947
0069	0223	1111
0069	0225	1183
0069	0226	1163
0069	0257	829
0069	0259	883
0069	0272	328
0069	0282	486
0069	0298	1118
0069	0310	834
0069	0312	872
0069	0326	1076
0069	0329	1087
0069	0332	1032
0069	0371	1594
0069	depot_01	548
0103	0001	708
0103	0016	510
0103	0017	503
0103	0069	999
0103	0103	0
0103	0118	337
0103	0164	1202
0103	0182	1438
0103	0209	1151
0103	0223	1099
0103	0225	1069
0103	0226	1125
0103	0257	840
0103	0259	840
0103	0272	1001
0103	0282	804
0103	0298	578
0103	0310	669
0103	0312	613
0103	0326	768
0103	0329	841
0103	0332	905
0103	0371	1080
0103	depot_01	642
0118	0001	803
0118	0016	763
0118	0017	762
0118	0069	871
0118	0103	330
0118	0118	0
0118	0164	1080
0118	0182	1310
0118	0209	1481
0118	0223	1429
0118	0225	1399
0118	0226	1455
0118	0257	1170
0118	0259	1170
0118	0272	917
0118	0282	988
0118	0298	627
0118	0310	547
0118	0312	628
0118	0326	832
0118	0329	865
0118	0332	926
0118	0371	1184
0118	depot_01	853
0164	0001	669
0164	0016	680
0164	0017	879
0164	0069	403
0164	0103	1116
0164	0118	1042
0164	0164	0
0164	0182	650
0164	0209	950
0164	0223	1037
0164	0225	1097
0164	0226	1137
0164	0257	967
0164	0259	1021
0164	0272	510
0164	0282	504
0164	0298	1300
0164	0310	1016
0164	0312	1054
0164	0326	1258
0164	0329	1269
0164	0332	1214
0164	0371	1776
0164	depot_01	730
0182	0001	977
0182	0016	988
0182	0017	1187
0182	0069	696
0182	0103	1424
0182	0118	1350
0182	0164	520
0182	0182	0
0182	0209	1189
0182	0223	1133
0182	0225	1187
0182	0226	1233
0182	0257	1274
0182	0259	1328
0182	0272	818
0182	0282	811
0182	0298	1481
0182	0310	1197
0182	0312	1235
0182	0326	1418
0182	0329	1384
0182	0332	1329
0182	0371	1957
0182	depot_01	1038
0209	0001	936
0209	0016	821
0209	0017	989
0209	0069	1012
0209	0103	1040
0209	0118	1367
0209	0164	958
0209	0182	1320
0209	0209	0
0209	0223	381
0209	0225	453
0209	0226	433
0209	0257	394
0209	0259	438
0209	0272	866
0209	0282	699
0209	0298	1608
0209	0310	1515
0209	0312	1553
0209	0326	1757
0209	0329	1768
0209	0332	1713
0209	0371	2110
0209	depot_01	945
0223	0001	1124
0223	0016	935
0223	0017	1086
0223	0069	1166
0223	0103	1060
0223	0118	1387
0223	0164	1020
0223	0182	1167
0223	0209	381
0223	0223	0
0223	0225	72
0223	0226	100
0223	0257	737
0223	0259	748
0223	0272	1020
0223	0282	879
0223	0298	1628
0223	0310	1694
0223	0312	1663
0223	0326	1818
0223	0329	1891
0223	0332	1889
0223	0371	2130
0223	depot_01	1067
0225	0001	1115
0225	0016	917
0225	0017	1068
0225	0069	1250
0225	0103	1042
0225	0118	1369
0225	0164	1104
0225	0182	1186
0225	0209	463
0225	0223	84
0225	0225	0
0225	0226	58
0225	0257	729
0225	0259	730
0225	0272	1104
0225	0282	963
0225	0298	1610
0225	0310	1676
0225	0312	1645
0225	0326	1800
0225	0329	1873
0225	0332	1874
0225	0371	2112
0225	depot_01	1049
0226	0001	1138
0226	0016	940
0226	0017	1091
0226	0069	1218
0226	0103	1065
0226	0118	1392
0226	0164	1120
0226	0182	1209
0226	0209	405
0226	0223	100
0226	0225	47
0226	0226	0
0226	0257	671
0226	0259	676
0226	0272	1072
0226	0282	931
0226	0298	1633
0226	0310	1699
0226	0312	1668
0226	0326	1823
0226	0329	1896
0226	0332	1897
0226	0371	2135
0226	depot_01	1072
0257	0001	664
0257	0016	493
0257	0017	644
0257	0069	904
0257	0103	886
0257	0118	1213
0257	0164	983
0257	0182	1343
0257	0209	394
0257	0223	714
0257	0225	786
0257	0226	766
0257	0257	0
0257	0259	150
0257	0272	782
0257	0282	579
0257	0298	1454
0257	0310	1243
0257	0312	1281
0257	0326	1485
0257	0329	1496
0257	0332	1441
0257	0371	1956
0257	depot_01	625
0259	0001	668
0259	0016	470
0259	0017	621
0259	0069	958
0259	0103	826
0259	0118	1153
0259	0164	1037
0259	0182	1397
0259	0209	438
0259	0223	742
0259	0225	715
0259	0226	768
0259	0257	150
0259	0259	0
0259	0272	836
0259	0282	633
0259	0298	1394
0259	0310	1229
0259	0312	1267
0259	0326	1471
0259	0329	1482
0259	0332	1427
0259	0371	1896
0259	depot_01	602
0272	0001	281
0272	0016	354
0272	0017	597
0272	0069	365
0272	0103	857
0272	0118	783
0272	0164	574
0272	0182	804
0272	0209	893
0272	0223	1076
0272	0225	1148
0272	0226	1128
0272	0257	623
0272	0259	677
0272	0272	0
0272	0282	280
0272	0298	1041
0272	0310	757
0272	0312	795
0272	0326	999
0272	0329	1010
0272	0332	955
0272	0371	1517
0272	depot_01	342
0282	0001	428
0282	0016	404
0282	0017	572
0282	0069	558
0282	0103	852
0282	0118	1014
0282	0164	504
0282	0182	900
0282	0209	675
0282	0223	867
0282	0225	939
0282	0226	919
0282	0257	586
0282	0259	640
0282	0272	342
0282	0282	0
0282	0298	1272
0282	0310	988
0282	0312	1026
0282	0326	1230
0282	0329	1241
0282	0332	1186
0282	0371	1748
0282	depot_01	472
0298	0001	1116
0298	0016	1076
0298	0017	1082
0298	0069	1166
0298	0103	579
0298	0118	614
0298	0164	1384
0298	0182	1480
0298	0209	1730
0298	0223	1678
0298	0225	1648
0298	0226	1704
0298	0257	1419
0298	0259	1419
0298	0272	1230
0298	0282	1301
0298	0298	0
0298	0310	334
0298	0312	246
0298	0326	524
0298	0329	588
0298	0332	661
0298	0371	888
0298	depot_01	1166
0310	0001	858
0310	0016	818
0310	0017	1017
0310	0069	926
0310	0103	661
0310	0118	641
0310	0164	1100
0310	0182	1196
0310	0209	1580
0310	0223	1734
0310	0225	1704
0310	0226	1760
0310	0257	1266
0310	0259	1270
0310	0272	972
0310	0282	1043
0310	0298	344
0310	0310	0
0310	0312	120
0310	0326	324
0310	0329	357
0310	0332	591
0310	0371	842
0310	depot_01	908
0312	0001	896
0312	0016	856
0312	0017	1055
0312	0069	964
0312	0103	605
0312	0118	692
0312	0164	1138
0312	0182	1234
0312	0209	1618
0312	0223	1704
0312	0225	1674
0312	0226	1730
0312	0257	1304
0312	0259	1308
0312	0272	1010
0312	0282	1081
0312	0298	246
0312	0310	120
0312	0312	0
0312	0326	324
0312	0329	357
0312	0332	559
0312	0371	786
0312	depot_01	946
0326	0001	1074
0326	0016	1034
0326	0017	1233
0326	0069	1068
0326	0103	765
0326	0118	899
0326	0164	1275
0326	0182	1371
0326	0209	1796
0326	0223	1864
0326	0225	1834
0326	0226	1890
0326	0257	1482
0326	0259	1486
0326	0272	1188
0326	0282	1259
0326	0298	519
0326	0310	327
0326	0312	327
0326	0326	0
0326	0329	82
0326	0332	308
0326	0371	946
0326	depot_01	1124
0329	0001	1040
0329	0016	1000
0329	0017	1199
0329	0069	1034
0329	0103	847
0329	0118	922
0329	0164	1241
0329	0182	1337
0329	0209	1762
0329	0223	1916
0329	0225	1886
0329	0226	1942
0329	0257	1448
0329	0259	1452
0329	0272	1154
0329	0282	1225
0329	0298	596
0329	0310	350
0329	0312	350
0329	0326	82
0329	0329	0
0329	0332	272
0329	0371	1028
0329	depot_01	1090
0332	0001	1012
0332	0016	972
0332	0017	1171
0332	0069	1006
0332	0103	859
0332	0118	1001
0332	0164	1213
0332	0182	1309
0332	0209	1734
0332	0223	1888
0332	0225	1858
0332	0226	1914
0332	0257	1420
0332	0259	1424
0332	0272	1126
0332	0282	1197
0332	0298	613
0332	0310	572
0332	0312	516
0332	0326	304
0332	0329	268
0332	0332	0
0332	0371	1040
0332	depot_01	1062
0371	0001	1607
0371	0016	1567
0371	0017	1620
0371	0069	1675
0371	0103	1117
0371	0118	1176
0371	0164	1849
0371	0182	1945
0371	0209	2268
0371	0223	2216
0371	0225	2186
0371	0226	2242
0371	0257	1957
0371	0259	1957
0371	0272	1721
0371	0282	1792
0371	0298	780
0371	0310	831
0371	0312	775
0371	0326	930
0371	0329	1003
0371	0332	1067
0371	0371	0
0371	depot_01	1657
depot_01	0001	194
depot_01	0016	154
depot_01	0017	397
depot_01	0069	533
depot_01	0103	677
depot_01	0118	766
depot_01	0164	742
depot_01	0182	972
depot_01	0209	937
depot_01	0223	1070
depot_01	0225	1040
depot_01	0226	1096
depot_01	0257	602
depot_01	0259	606
depot_01	0272	579
depot_01	0282	523
depot_01	0298	1039
depot_01	0310	755
depot_01	0312	793
depot_01	0326	997
depot_01	0329	1008
depot_01	0332	953
depot_01	0371	1515
depot_01	depot_01	0
END
