PROBLEM:
Name	VRP_01
Type	
Horizon	1

TIMEWINDOWS:
id	earliest	latest
tw0	37800	86340
tw1	43200	48600
tw2	37800	48600
tw3	37800	43200

DEPOTS_NODES:
id	label	capacity	timewindow
depot_01	CENTRAL-DEPOT	9999999	tw0

CUSTOMERS_NODES:
id	label	weight	processingtime	percentageintimewindow	possibleorigins	possibledestinations	possiblevehicles	splittable	timewindow
0001	0001	4	180	100	depot_01		01,02,03	false	tw1
0016	0016	6	180	100	depot_01		01,02,03	false	tw2
0017	0017	3	180	100	depot_01		01,02,03	false	tw2
0069	0069	6	180	100	depot_01		01,02,03	false	tw2
0103	0103	4	180	100	depot_01		01,02,03	false	tw2
0118	0118	1	180	100	depot_01		01,02,03	false	tw2
0164	0164	2	180	100	depot_01		01,02,03	false	tw2
0182	0182	1	180	100	depot_01		01,02,03	false	tw2

VEHICLES:
id	label	multitrips	capacity
01		false	10
02		false	10
03		false	10

COSTS:	travel time
id	id	cost
0001	0001	0
0001	0016	192
0001	0017	435
0001	0069	585
0001	0103	715
0001	0118	827
0001	0164	794
0001	0182	1024
0001	depot_01	61
0016	0001	212
0016	0016	0
0016	0017	257
0016	0069	551
0016	0103	537
0016	0118	784
0016	0164	760
0016	0182	990
0016	depot_01	146
0017	0001	455
0017	0016	257
0017	0017	0
0017	0069	784
0017	0103	447
0017	0118	702
0017	0164	949
0017	0182	1223
0017	depot_01	389
0069	0001	487
0069	0016	498
0069	0017	697
0069	0069	0
0069	0103	934
0069	0118	860
0069	0164	384
0069	0182	614
0069	depot_01	548
0103	0001	708
0103	0016	510
0103	0017	503
0103	0069	999
0103	0103	0
0103	0118	337
0103	0164	1202
0103	0182	1438
0103	depot_01	642
0118	0001	803
0118	0016	763
0118	0017	762
0118	0069	871
0118	0103	330
0118	0118	0
0118	0164	1080
0118	0182	1310
0118	depot_01	853
0164	0001	669
0164	0016	680
0164	0017	879
0164	0069	403
0164	0103	1116
0164	0118	1042
0164	0164	0
0164	0182	650
0164	depot_01	730
0182	0001	977
0182	0016	988
0182	0017	1187
0182	0069	696
0182	0103	1424
0182	0118	1350
0182	0164	520
0182	0182	0
0182	depot_01	1038
depot_01	0001	194
depot_01	0016	154
depot_01	0017	397
depot_01	0069	533
depot_01	0103	677
depot_01	0118	766
depot_01	0164	742
depot_01	0182	972
depot_01	depot_01	0
END
